function k = k_m(T)

    k = 6000000000000*exp(-0.094*T);
    %k = -0.0121*T + 4.1138;

end